024000000001f8004141414141414141
43323537202d207363616c6572202d20
31366368207820333220283234296269
74000000000000000000000000000000
00000000000000000000000000000000
4c6543726f792032323531202d207363
616c6572202d20313263682078203332
20283234296269740000000000000000
00000000000000000000000000000000
3232323841202d20746463202d203863
68207820313620283131296269740000
00000000000000000000000000000000
00000000000000000000000000000000
3232343957202d20616463202d203132
63682078203136202831312962697420
2b20382042797465732070616464696e
67000000000000000000000000000000
563536304e202d207363616c6572202d
20313663682078203332626974000000
00000000000000000000000000000000
00000000000000000000000000000000
00000001000000000000000100000000
00000001000000000000000100000000
00000001000000000000000100000001
00000001000000010000000100000001
00000001000000000000000000000000
00000000000000000000000000000000
00000000000000000000000000000000
0ff20ff10ff10ff20ff10ff20ff105ff
00440049003f0040003c004600430043
003c0043003105574141414141414141
00000000000000000000000000000000
00000000000000000000000000000000
00000000000000000000000000000000
00000000000000000000000000000000
48484848484848484848484848484848
41414141414141414141414141414141
024000000001f8004141414141414141
43323537202d207363616c6572202d20
31366368207820333220283234296269
74000000000000000000000000000000
00000000000000000000000000000000
4c6543726f792032323531202d207363
616c6572202d20313263682078203332
20283234296269740000000000000000
00000000000000000000000000000000
3232323841202d20746463202d203863
68207820313620283131296269740000
00000000000000000000000000000000
00000000000000000000000000000000
3232343957202d20616463202d203132
63682078203136202831312962697420
2b20382042797465732070616464696e
67000000000000000000000000000000
563536304e202d207363616c6572202d
20313663682078203332626974000000
00000000000000000000000000000000
00000000000000000000000000000000
00000001000000000000000100000000
00000001000000000000000100000000
00000001000000000000000100000001
00000001000000010000000100000001
00000001000000000000000000000000
00000000000000000000000000000000
00000000000000000000000000000000
0ff20ff10ff10ff20ff10ff20ff105ff
00440049003f0040003c004600430043
003c0043003105574141414141414141
00000000000000000000000000000000
00000000000000000000000000000000
00000000000000000000000000000000
00000000000000000000000000000000
48484848484848484848484848484848
41414141414141414141414141414141